Print matrix A 
27 15 43 
35 36 42 
49 21 12 
27 40 9 
13 26 40 
26 22 36 
11 18 17 
29 32 30 
12 23 17 
35 29 2 
22 8 19 


Matrix R
93.5094 77.8211 71.2977 
0 38.051 24.1659 
0 0 53.9412 

Print matrix I = Q^T * Q
1 3.88578e-16 3.1225e-16 
3.88578e-16 1 -4.71845e-16 
3.1225e-16 -4.71845e-16 1 

Print matrix A = Q*R
27 15 43 
35 36 42 
49 21 12 
27 40 9 
13 26 40 
26 22 36 
11 18 17 
29 32 30 
12 23 17 
35 29 2 
22 8 19 

Print product C^-1*C = 1
1 5.16254e-14 -1.53211e-14 6.71685e-15 -7.71605e-14 7.10543e-14 -4.77396e-15 1.18017e-13 4.03566e-14 7.59948e-14 -1.73861e-13 
-2.80886e-14 1 -1.57929e-14 1.69309e-15 -7.29139e-14 6.37268e-14 -1.24345e-14 1.05249e-13 3.76921e-14 7.06935e-14 -1.58873e-13 
6.28941e-14 -1.28286e-13 1 -1.32949e-14 1.75693e-13 -1.6287e-13 1.9984e-14 -2.64899e-13 -9.69225e-14 -1.83353e-13 3.83471e-13 
-4.60187e-14 8.28226e-14 -2.39253e-14 1 -1.16684e-13 1.03917e-13 -1.95399e-14 1.67422e-13 6.19504e-14 1.14964e-13 -2.51688e-13 
1.20848e-13 -2.66787e-13 6.12566e-14 -3.31679e-14 1 -3.44391e-13 3.41949e-14 -5.5711e-13 -2.03948e-13 -3.79724e-13 8.00027e-13 
2.226e-14 -3.39173e-14 1.32672e-14 -3.747e-16 4.96825e-14 1 1.13243e-14 -6.60583e-14 -2.498e-14 -4.4853e-14 1.07581e-13 
5.41789e-14 -1.06276e-13 2.72282e-14 -9.5618e-15 1.45772e-13 -1.32172e-13 1 -2.16493e-13 -7.91589e-14 -1.49075e-13 3.1708e-13 
-5.55112e-15 -1.64313e-14 -4.66294e-15 -1.2379e-14 1.18794e-14 -3.06422e-14 -1.77636e-14 1 -1.35447e-14 -2.70894e-14 4.17444e-14 
-2.0782e-15 6.80705e-15 -6.41848e-16 1.65753e-15 -8.54178e-15 9.17322e-15 1.52656e-16 1.55431e-14 1 9.822e-15 -1.96163e-14 
-5.42344e-14 1.31117e-13 -2.43139e-14 2.08167e-14 -1.77025e-13 1.72529e-13 -8.65974e-15 2.82219e-13 1.00031e-13 1 -3.90687e-13 
-8.65419e-14 1.85602e-13 -4.20358e-14 2.2371e-14 -2.4783e-13 2.362e-13 -2.26485e-14 3.86191e-13 1.37806e-13 2.60389e-13 1 
