u= 0.715891 0.688531 0.185689
v= -0.231237 0.247127 0.694503
u={ 0.715891, 0.688531, 0.185689 } 
v={ -0.231237, 0.247127, 0.694503 } 
-u  = -0.715891 -0.688531 -0.185689
test= -0.715891 -0.688531 -0.185689

test 'unary -' passed

u+v = 0.484655 0.935659 0.880193
test= 0.484655 0.935659 0.880193
test '+' passed

u-v = 0.947128 0.441404 -0.508814
test= 0.947128 0.441404 -0.508814
test '-' passed

